time,x,y,z,phi,theta,psi,x_velocity,y_velocity,z_velocity,phi_velocity,theta_velocity,psi_velocity,rotor_speed1,rotor_speed2,rotor_speed3,rotor_speed4
0.06,-2.54299702446e-07,-8.87879627436e-08,10.002493742,6.28295170824,0.000252361873101,0.0,-2.21322804652e-05,-1.31564680021e-05,0.0831216139272,-0.0131134054366,0.0115137961777,0.0,431.8467527410891,432.81662269180765,431.2439366801212,430.1351063570223
0.12000000000000001,-1.00542571454e-05,-9.12135186522e-06,10.0122857661,6.28241242209,0.000838803511173,0.0,-0.000375639068839,-0.000360284271346,0.243257852242,-0.00180338734882,0.00604525488958,0.0,455.29490018218314,454.8571235472995,455.66713382681104,456.5703324545083
0.18,-5.34584981593e-05,-4.80746470217e-05,10.031804485,6.28274414379,0.00153928436873,0.0,-0.00113249280612,-0.000922314110143,0.407321237845,0.0171879286615,0.0210558402804,0.0,455.6315767298678,456.82975269710784,456.7280927999107,458.2399464281126
0.23999999999999996,-0.000156076664059,-0.00010835937995,10.0581276177,0.000268997307869,0.00282463701668,0.0,-0.00241104898141,-0.00100021852192,0.470092089369,-0.00190582705534,0.0221459747943,0.0,425.19661940656385,425.2900122676973,425.79685681735276,424.16042030499426
0.3,-0.000367947196345,-0.00016296702298,10.0905433437,0.000136857002068,0.00421778574975,0.0,-0.00479813558183,-0.000833351955836,0.610366631869,-0.00280209916599,0.0252832298293,0.0,450.1887571680424,450.442536846774,449.22283181609,449.1502060118378
0.36000000000000004,-0.000755712368449,-0.000209521949444,10.1317262018,0.000711666389392,0.00561008524753,0.0,-0.00828693659212,-0.000688092646357,0.762305062929,0.0269624556541,0.018686351932,0.0,453.97980820863137,453.4502879474536,452.0668928713969,454.45854659117043
0.4200000000000001,-0.00138298729226,-0.000227845414092,10.1821616769,0.00263552477892,0.00634606258765,0.0,-0.0127293991573,0.000274356248093,0.91876348738,0.0406948138446,-0.00541407013159,0.0,455.485396926942,453.5540880123867,455.0847598487596,456.1828199269022
0.48000000000000015,-0.00224859949527,-0.000161325394213,10.2358286986,0.00513736721537,0.00604897618318,0.0,-0.0160997303165,0.00214091504802,0.870175416828,0.0436301308539,-0.00404183541866,0.0,387.3867110581882,387.5157927860005,387.9806660678053,388.25733337721323
0.5400000000000001,-0.00333577576165,8.11656842372e-05,10.2905375105,0.0083303910948,0.00598125140239,0.0,-0.0201242158437,0.00623565537882,0.953383804267,0.0675979037277,0.00413999174698,0.0,432.38796266480506,433.07663362692716,430.91657840898466,432.93949726547027
0.6000000000000002,-0.00467534849294,0.000652937450469,10.3518244368,0.0125669022862,0.00696539312968,0.0,-0.0246014369701,0.013267959415,1.08938881636,0.0760337197264,0.0336630524948,0.0,447.48312410918686,449.8796518755894,449.21922895541013,449.9064077012197
0.6600000000000003,-0.00630364896771,0.00172527027181,10.4201183687,0.0172553681701,0.0097630115994,0.0,-0.0299274927445,0.0229455679174,1.18697019162,0.0820516349757,0.0645820696628,0.0,435.75781326288694,438.3357521749976,437.4246309138018,437.9303884942384
0.7200000000000003,-0.00832399247978,0.00349169662821,10.4951151964,0.0223887679397,0.0132778682853,0.0,-0.0378112125209,0.0364656456933,1.3127729071,0.0917745893168,0.0425337707615,0.0,447.7064252591141,445.91137193154094,445.7432022064711,446.5429371219993
0.7800000000000004,-0.0108625096329,0.00613819524633,10.5758121272,0.0278048455424,0.0161913764953,0.0,-0.0470714268796,0.0522774063903,1.37703203214,0.0870727110062,0.05848416112,0.0,426.03115352517153,427.39416108782916,427.9446159736059,427.55140735992416
0.8400000000000004,-0.014055213561,0.00990419457715,10.6626365005,0.0332427912993,0.0197615748555,0.0,-0.0597312730284,0.0738266529424,1.5169134893,0.0969364085677,0.0614666029367,0.0,452.07703262797827,452.31968208454055,450.1582967771293,450.9624027891269
0.9000000000000005,-0.0180163970664,0.0149673182779,10.7544371894,0.0393801249149,0.0232291691006,0.0,-0.0726346691678,0.0954883585027,1.54304658002,0.111273177392,0.0491950460126,0.0,415.29712494078706,414.22198634062374,415.2282565768267,416.493725778523
0.9600000000000005,-0.0228784560313,0.0215556414664,10.8505039145,0.0458510489744,0.0267542720735,0.0,-0.0897733862255,0.124802274434,1.65897659455,0.0999351373748,0.0730973907284,0.0,444.02261860245216,445.98132930990266,444.5214431947108,443.60162616653434
1.0200000000000005,-0.0289138637773,0.0301488665642,10.9558957976,0.0520883798633,0.0308277047667,0.0,-0.111893302974,0.162334210085,1.85373839854,0.110974594783,0.0546458517123,0.0,470.2696863267096,468.8414962260383,468.0234305215399,468.89053251834247
1.0800000000000005,-0.0364115336582,0.0412173731951,11.0743580939,0.0584256601213,0.0340842710188,0.0,-0.138418108727,0.207394320436,2.09453226361,0.0918903806346,0.0535264553779,0.0,482.9349146440869,482.85218318073623,484.24418102780527,482.81517928185593
1.1400000000000006,-0.0455268896678,0.0550483810404,11.2056828633,0.0641995304783,0.0369713227507,0.0,-0.165769699432,0.254266325963,2.28254339727,0.103737205068,0.0341870881284,0.0,469.5225728427137,468.0210838015065,468.1915988098367,469.1196764488607
1.2000000000000006,-0.0561759581596,0.0715316723131,11.343738095,0.0704632638835,0.0386056580541,0.0,-0.189373371686,0.295748055215,2.31916976715,0.105679725253,0.00733752372745,0.0,423.5758324167777,421.26076242250474,421.81354059381545,421.9913936807048
1.2600000000000007,-0.0683775691971,0.0908264244831,11.4868402935,0.0766301246821,0.0392243571953,0.0,-0.21739405991,0.348055810572,2.45056776393,0.096247332672,0.0156799609864,0.0,452.17416445583035,452.84558176334235,453.2914747133903,452.54179953466974
1.3200000000000007,-0.0821543076727,0.113150781511,11.6347394765,0.0823795516831,0.040287599271,0.0,-0.2419208123,0.396608103933,2.47928513827,0.0949636067789,0.0215179034286,0.0,419.4743853183124,419.98098467512443,421.4552545312965,421.3526633897471
1.3800000000000008,-0.0976328112118,0.13892433112,11.7894907776,0.0885599424092,0.0415737478091,0.0,-0.274162416753,0.463164978195,2.67856106155,0.115549647554,0.0212711281911,0.0,474.4901406736521,474.4711665793015,473.07895727490853,474.6696740424151
1.4400000000000008,-0.114966805264,0.168606153376,11.9535723626,0.0951417750367,0.0428257237492,0.0,-0.303758344157,0.526904297457,2.7904666487,0.0942098905618,0.020044069069,0.0,449.5486003301516,449.4491461565291,448.9396222723262,447.21509132097265
1.5000000000000009,-0.13403929792,0.202102930036,12.1228838513,0.100468119449,0.0439157089693,0.0,-0.332096738168,0.590165347018,2.85301579064,0.0747510011421,0.0141188282924,0.0,434.1087496827122,433.61121295045444,434.70692055306955,433.0798964778199
1.560000000000001,-0.154877639347,0.239596755074,12.2969477483,0.104744668606,0.044998078068,0.0,-0.362603892172,0.660040206695,2.94879496061,0.063221943831,0.0249099326095,0.0,445.57581513666383,446.45708119728124,444.41553473176407,443.4734114897664
1.620000000000001,-0.177663137827,0.281580244337,12.4787621155,0.108712239766,0.0460983424874,0.0,-0.397044577529,0.739784559664,3.11116911976,0.0713776938275,3.9896891286e-05,0.0,467.09418584939715,465.1505695623018,465.9030763653203,466.54330783218177
1.680000000000001,-0.20241154301,0.328144619242,12.6676401772,0.112829263322,0.0469381437763,0.0,-0.42794435084,0.812739148785,3.18448406165,0.0624319971909,0.0329077001013,0.0,437.0903272911167,439.82101136585436,441.18450308814613,440.44883644538464
1.740000000000001,-0.229051396904,0.379198869515,12.8612019575,0.117346682322,0.0488994726364,0.0,-0.460237095543,0.889445869067,3.26724650347,0.0931382819443,0.0322474980333,0.0,444.46336763256494,444.4096615880371,440.8232750646008,443.3576424592113
1.8000000000000012,-0.257725251561,0.435083502724,13.0608382205,0.122904325429,0.0513226347754,0.0,-0.495774802533,0.973900695524,3.38681844537,0.0915862760224,0.0530525077847,0.0,454.95130686972504,456.6148791539526,455.3109121503788,455.1937396975223
1.8600000000000012,-0.288498374837,0.495935054432,13.265899999,0.128551218133,0.0552561504353,0.0,-0.530338328856,1.05497744419,3.44825411472,0.0987418403477,0.0830584081039,0.0,436.69092484911135,439.18987871715996,438.2080594028206,438.8101140372015
1.9200000000000013,-0.321696014055,0.56237543473,13.4793463933,0.135023969936,0.060092149338,0.0,-0.576800310539,1.16033115618,3.66574384735,0.121735122894,0.0751674916436,0.0,487.06059738224184,486.47466778633367,485.40489228406284,487.136279283317
1.9800000000000013,-0.357468262053,0.634560591699,13.7004538043,0.142911476347,0.0650456320523,0.0,-0.616044685908,1.24650656142,3.70418376403,0.145986677369,0.0942852952965,0.0,432.61102365191044,434.22349835068076,432.3741371486912,434.42854682726767
2.0400000000000014,-0.396027394539,0.712792335551,13.9288331386,0.151937999457,0.0708835969722,0.0,-0.66989091893,1.36212700078,3.90747977608,0.158116644577,0.102729179006,0.0,484.496493459776,485.1381651919016,484.57785613123156,485.5079739841578
2.1000000000000014,-0.437859074429,0.797958734083,14.1679764272,0.1614643517,0.0764908269393,0.0,-0.725126251452,1.47767434789,4.06308898634,0.160051427546,0.0589552981026,0.0,473.6120950569979,470.23916611742817,473.6339548032,473.8049489934883
2.1600000000000015,-0.482814145055,0.889620847918,14.4124942077,0.170872630601,0.0804861671621,0.0,-0.773714454106,1.57853812888,4.08713945734,0.149369518104,0.0786256104039,0.0,432.2612021822982,433.9191481223949,434.14943840823884,433.27604865788965
2.2200000000000015,-0.53085304549,0.987689986289,14.6595045141,0.180244461106,0.085049316995,0.0,-0.828010326774,1.69122698727,4.14600532295,0.16719055336,0.0703369803159,0.0,446.99597741447917,446.3244509835665,443.5902632048754,445.0742344884585
2.2800000000000016,-0.581963434248,1.0921203613,14.9068584283,0.190175440054,0.0891383483123,0.0,-0.876018398147,1.79056707113,4.09900060025,0.161943242302,0.0633762438665,0.0,411.9491234185854,411.33696969845954,411.4671613087401,411.03087342163957
2.3400000000000016,-0.636451325877,1.20357539009,15.1560378355,0.200119428667,0.0926087502329,0.0,-0.940584448566,1.92547025401,4.20618599513,0.172393300393,0.0434713421333,0.0,462.67786254039254,461.1100345821364,462.16472739123725,463.01266025393613
2.4000000000000017,-0.694982764614,1.32354015227,15.4126401396,0.210184983109,0.0950185935852,0.0,-1.01067958653,2.07427288835,4.34624463956,0.156365155078,0.0325590365714,0.0,474.5177254096171,473.6799185496976,474.4643058034563,473.2568657549446
2.4600000000000017,-0.757536646843,1.45212034224,15.6751727388,0.219564823248,0.0976772131231,0.0,-1.0746504984,2.21250045036,4.40421092637,0.156261697554,0.0610453308957,0.0,449.4842920691528,451.7882294989516,450.31390953474755,450.3283221170086
2.520000000000002,-0.82427099212,1.58979545742,15.94393065,0.229056719334,0.101123901222,0.0,-1.15015024838,2.37746156189,4.55327727065,0.161810024896,0.0490474476202,0.0,479.6312158928589,478.72102392967224,480.7483218378436,481.1902033093951
2.580000000000002,-0.89528870955,1.73684314407,16.2184875697,0.238666713739,0.10368158076,0.0,-1.21734313986,2.52488449584,4.59796605151,0.156663526767,0.0249573266369,0.0,450.5500713412144,448.59880024695195,450.52697151264033,450.1346013336722
2.640000000000002,-0.970567599868,1.89332362691,16.497377687,0.248115637142,0.105251896069,0.0,-1.29205338251,2.69186789779,4.69743586586,0.159068808555,0.028496415233,0.0,468.28642668275694,468.5617793254368,468.7385047845797,468.9474903525653
2.700000000000002,-1.05016403774,2.05953654093,16.7803362876,0.258456185081,0.107142985097,0.0,-1.36130023711,2.84932092758,4.73383692988,0.19058350037,0.0369631921785,0.0,450.46465846448336,451.1492441934316,449.30697061207906,451.88227680256216
2.760000000000002,-1.13388631711,2.23521383451,17.0647862348,0.270033482023,0.110325159431,0.0,-1.42967421454,3.00745476453,4.74717142724,0.197313145176,0.073840830452,0.0,443.2568668578534,446.27929287337514,444.4593415597599,445.04683838529263
2.820000000000002,-1.22183029218,2.4206986122,17.3504143733,0.281700059955,0.114689965712,0.0,-1.50216445808,3.17623822935,4.77297208013,0.18798816438,0.0704649278055,0.0,450.7658698569825,450.4969473084559,450.4287751249476,449.71020887420275
2.880000000000002,-1.31438758513,2.61693933611,17.6390030503,0.292742359606,0.118798984498,0.0,-1.58342892516,3.36591812337,4.84557496304,0.174675416357,0.064195700942,0.0,467.31456538057455,466.82882829181824,467.57585421677715,466.56828594648346
2.940000000000002,-1.41113232312,2.8228847914,17.9257005776,0.303457433268,0.123170520457,0.0,-1.64173753266,3.49964196901,4.7110658635,0.18542849747,0.0861578597868,0.0,397.86395402266885,399.87473029455424,398.3913979234012,399.40822702373833
3.000000000000002,-1.5116359843,3.03744600681,18.2057504722,0.314544318299,0.12837292711,0.0,-1.70880286087,3.65312655547,4.62366102751,0.183456913198,0.0877818933458,0.0,415.4073827534598,415.55658181785185,416.5241249451113,416.38725296112057
3.0600000000000023,-1.61673216771,3.26251869448,18.4840320356,0.325266622137,0.133229401323,0.0,-1.79482801558,3.84998052782,4.65144302664,0.166946056229,0.0615256972065,0.0,457.1017901198883,455.00911441506844,456.4927034526827,455.20278539132465
3.1200000000000023,-1.72690712541,3.49915649019,18.7626815161,0.335428747967,0.13696568222,0.0,-1.87796675194,4.03854668128,4.63618107454,0.17381455568,0.0637217844783,0.0,444.16703692718346,444.34993238288007,442.8718394831954,443.4640460501302
3.1800000000000024,-1.84200812063,3.74693580392,19.0394317434,0.346250251704,0.141467053517,0.0,-1.95907179802,4.22139207826,4.58825557602,0.190974837532,0.0912840683725,0.0,432.2284962161209,434.5499525028957,434.22811320998045,435.6974625990782
3.2400000000000024,-1.96209011054,4.00590605271,19.3134323031,0.35779799864,0.146710107228,0.0,-2.04408799087,4.4116122563,4.54440670866,0.195278653471,0.0781538367503,0.0,436.78070441071293,435.6904779246396,437.59521167574,437.9900873794511
3.3000000000000025,-2.08730846766,4.27631298112,19.5843668279,0.369860710516,0.151978762597,0.0,-2.13025078941,4.60262353814,4.48608640601,0.210603788462,0.10226830542,0.0,431.128564439783,433.1680830086948,434.4198939961968,435.74355286786783
3.3600000000000025,-2.21842293876,4.55982646767,19.8555242976,0.382920186616,0.157891306409,0.0,-2.2407048356,4.84850105009,4.55095090427,0.228941507439,0.0898019550628,0.0,477.6811888983214,476.73695750220975,475.0714098154119,476.5186580872729
3.4200000000000026,-2.35588033161,4.85735641302,20.1280946478,0.397098359159,0.163436761345,0.0,-2.34161442172,5.06991520636,4.53358661136,0.247979705536,0.0972081431147,0.0,453.2548210783178,453.85675999282495,451.3304109774552,452.91880377545084
3.4800000000000026,-2.49990003813,5.16931994662,20.4017371509,0.411509632297,0.169427100684,0.0,-2.45946709855,5.32960834988,4.58609216973,0.216265182676,0.104636879326,0.0,478.10023868632646,478.6738078935563,480.1860511035966,477.82560746403215
3.5400000000000027,-2.65056323641,5.49579168703,20.6754391378,0.42476950955,0.176294191601,0.0,-2.5631234386,5.55337009117,4.53625836957,0.229079163798,0.129084995243,0.0,447.3306873302872,449.3288186959192,447.4017268919485,448.4917645211956
3.6000000000000028,-2.80669716049,5.83383887759,20.9416081651,0.438116445892,0.183826721921,0.0,-2.6418854441,5.71555286077,4.33594529804,0.203963297055,0.117308996114,0.0,396.1441525868347,395.075884280209,395.11995372908774,392.85221743616506
3.660000000000003,-2.96835856339,6.18332400542,21.1990876116,0.450280618813,0.191968300925,0.0,-2.74738303211,5.93439787937,4.2458471991,0.200166251602,0.158376778746,0.0,435.50730463444256,438.9458898388548,436.7971674044735,436.5214277840609
3.720000000000003,-3.13715686444,6.54754606446,21.4541144801,0.462100902995,0.20209506868,0.0,-2.87996064991,6.20656149528,4.25339826152,0.189797186614,0.184062860344,0.0,472.33303364175913,474.33507536164916,473.52736111465236,472.76412102749185
3.780000000000003,-3.31404515641,6.92808976774,21.7091711592,0.473503369071,0.21313805123,0.0,-3.01712570089,6.47833790505,4.24685596471,0.190523757456,0.184023434879,0.0,471.80238449467805,471.830010403614,472.62880752567423,472.71759177090917
3.840000000000003,-3.499123866,7.32453705357,21.9626854259,0.48452323693,0.223992077653,0.0,-3.15292892253,6.73666440663,4.2021939335,0.164196693873,0.173792526952,0.0,462.57581327527475,461.79942318945507,464.54954271534183,462.5105729725551
3.900000000000003,-3.69180833559,7.7350825909,22.2105759278,0.494072098679,0.234248047237,0.0,-3.27058301906,6.94831075446,4.06018556828,0.14643692325,0.164503193814,0.0,430.86342208088575,430.1061163984654,431.4825570995868,430.0048468634226
3.960000000000003,-3.89280110951,8.16054045051,22.4538819612,0.502515161693,0.244642323147,0.0,-3.42984119951,7.23330081597,4.04840229567,0.125717772776,0.186612674231,0.0,478.12575469015627,479.8337128742834,480.3038452328182,478.74605022852666
4.020000000000002,-4.1030951014,8.60226381465,22.6947843663,0.509994993642,0.256026393887,0.0,-3.58069997451,7.49046799498,3.98047685527,0.122470370739,0.195334932573,0.0,463.00817513095564,463.7273981868628,463.2492778495618,463.0072040692297
4.080000000000001,-4.32217952892,9.05857945123,22.9300064005,0.516832149553,0.267861591504,0.0,-3.72287486264,7.71977957411,3.85942933505,0.0856268304264,0.200832088786,0.0,446.4677484743405,446.95394277353813,448.18347041450744,445.188715973877
4.14,-4.54951329506,9.52780389386,23.1564363336,0.522233927915,0.280014766027,0.0,-3.85570761396,7.9207525983,3.68788491078,0.097629131861,0.20578449811,0.0,428.8931090531021,429.35545993579854,428.8962710266491,429.9218078210616
4.199999999999998,-4.78653332313,10.0117112511,23.377146377,0.527836947396,0.291949349997,0.0,-4.04569472348,8.20865922994,3.66748163539,0.083153546042,0.179378922291,0.0,486.9766036090987,485.0312189731109,486.90610660626714,485.8280994036586
4.259999999999997,-5.03385058125,10.5106525771,23.5927737298,0.532456276275,0.30346854213,0.0,-4.19891353016,8.42224510266,3.51953750867,0.0603255251549,0.209572503908,0.0,442.06413173743,444.58102096138145,444.0776570323358,442.2050528064277
4.319999999999996,-5.29166074141,11.0241559723,23.8025534388,0.53641794787,0.31580635124,0.0,-4.39547686262,8.69352219675,3.47174039953,0.0755069943134,0.196290728185,0.0,481.4858177257857,480.51749404588037,481.9872950699066,483.13644678548144
4.379999999999995,-5.56047229378,11.5522884188,24.0067561732,0.540868479303,0.327339384595,0.0,-4.56559213404,8.91025463615,3.33430793771,0.0713716338828,0.182500248252,0.0,452.8667419119312,451.7908806435356,451.93714514371567,451.6077775427969
4.439999999999993,-5.83887482372,12.0921627041,24.2006928925,0.544754602846,0.338218930172,0.0,-4.71518782943,9.08514604045,3.13011830473,0.0463558469271,0.17887069369,0.0,428.5664286301063,428.2908389538269,427.53953582678935,425.40510282308685
4.499999999999992,-6.1285894951,12.6456558757,24.3876595389,0.547592595986,0.349551657325,0.0,-4.94246826193,9.36331980622,3.10056922886,0.0491235387044,0.203722293332,0.0,493.066204225048,494.9295271701652,494.02413959148794,494.22933355706016
4.559999999999991,-6.43136413093,13.2146019826,24.5709503088,0.550402291844,0.361360908186,0.0,-5.15062980271,9.60045946437,3.00802631089,0.0417912472222,0.177173175048,0.0,476.20402640392024,474.2026038783629,474.98951156034263,474.4278147254199
4.6199999999999894,-6.74457164746,13.7945651246,24.7436072906,0.552801850441,0.371634872306,0.0,-5.2903850408,9.73132424989,2.74761733301,0.0361292926174,0.155434406977,0.0,411.45638645787244,409.55684500790477,410.7951267425765,410.29348543711495
4.679999999999988,-7.06672521988,14.3828622138,24.9016137174,0.555084004589,0.380718777667,0.0,-5.44872229241,9.87808706482,2.51943233421,0.0415989152601,0.141785413481,0.0,422.672743574616,421.5170947257998,423.8725182373104,424.3432702412455
4.739999999999987,-7.39929758764,14.9809008514,25.0476294678,0.557152351291,0.389148434063,0.0,-5.6375158252,10.0557667449,2.34744832221,0.0137688145634,0.137781489467,0.0,446.8852244611306,446.5768378147428,446.07443992549,443.79554552010217
4.799999999999986,-7.7438350057,15.5901257266,25.1843770148,0.55815787165,0.39784374354,0.0,-5.84750182735,10.2506801416,2.21028879976,0.0221524001876,0.156322937221,0.0,459.78242345752864,461.2681558579795,459.81128715019025,460.47512353734436
4.859999999999984,-8.10100412931,16.2107583639,25.3126668619,0.559444733404,0.407458543938,0.0,-6.05862257112,10.4360354491,2.06549523758,0.0199998094673,0.167114155194,0.0,458.56805033103444,459.44817869902244,458.65952502504155,458.48845357074487
4.919999999999983,-8.47027649235,16.8414861644,25.4308594702,0.560817927242,0.417665874339,0.0,-6.25106971057,10.5873844078,1.87407203715,0.028111197895,0.175538770864,0.0,441.2245082407054,441.94763201596254,441.0124958217427,441.6822907350581
4.979999999999982,-8.85131918185,17.4812426004,25.537712122,0.562043219083,0.428274924447,0.0,-6.45095765261,10.7369398296,1.68739135534,-0.00304649532231,0.179256131817,0.0,443.61925277688346,443.9546755623244,445.55543733781775,442.9997391043322
5.0399999999999805,-9.24557973783,18.1310589591,25.6353391725,0.561795015525,0.438962145765,0.0,-6.69154399459,10.9222306155,1.56607888884,-0.0064116964672,0.175749835545,0.0,470.68240612086845,470.439541330925,471.3913386235545,471.131200285315
